1
10
WRFPRS
4
ncep_nco
v2003
local_tab_yes1
fcst
oper
fcst
fcst
hour
nws_ncep
wrf_em_ncar_arwrf
complex_packing_spatial_diff
2nd_ord_sptdiff
fltng_pnt
lossless
12
HGT_ON_ISOBARIC_SFC
?
1
tmpl4_0
HGT
?
?
isobaric_sfc
0
?
46
200. 500. 700. 1000. 2000. 3000. 5000. 7000. 7500. 10000. 12500. 15000. 17500. 20000. 22500. 25000. 27500. 30000. 32500. 35000. 37500. 40000. 42500. 45000. 47500. 50000. 52500. 55000. 57500. 60000. 62500. 65000. 67500. 70000. 72500. 75000. 77500. 80000. 82500. 85000. 87500. 90000. 92500. 95000. 97500. 100000.
?
0
?
0
?
?
?
0
0.0
0
0.0
?
0
0.0
0
0.0
1
6.0
0
0
0
?
?
?
13
TMP_ON_ISOBARIC_SFC
?
1
tmpl4_0
TMP
?
?
isobaric_sfc
0
?
46
200. 500. 700. 1000. 2000. 3000. 5000. 7000. 7500. 10000. 12500. 15000. 17500. 20000. 22500. 25000. 27500. 30000. 32500. 35000. 37500. 40000. 42500. 45000. 47500. 50000. 52500. 55000. 57500. 60000. 62500. 65000. 67500. 70000. 72500. 75000. 77500. 80000. 82500. 85000. 87500. 90000. 92500. 95000. 97500. 100000.
?
0
?
0
?
?
?
0
0.0
0
0.0
?
0
0.0
0
0.0
1
3.0
0
0
0
?
?
?
15
DPT_ON_ISOBARIC_SFC
?
1
tmpl4_0
DPT
?
?
isobaric_sfc
0
?
46
200. 500. 700. 1000. 2000. 3000. 5000. 7000. 7500. 10000. 12500. 15000. 17500. 20000. 22500. 25000. 27500. 30000. 32500. 35000. 37500. 40000. 42500. 45000. 47500. 50000. 52500. 55000. 57500. 60000. 62500. 65000. 67500. 70000. 72500. 75000. 77500. 80000. 82500. 85000. 87500. 90000. 92500. 95000. 97500. 100000.
?
0
?
0
?
?
?
0
0.0
0
0.0
?
0
0.0
0
0.0
1
5.0
0
0
0
?
?
?
17
RH_ON_ISOBARIC_SFC
?
1
tmpl4_0
RH
?
?
isobaric_sfc
0
?
46
200. 500. 700. 1000. 2000. 3000. 5000. 7000. 7500. 10000. 12500. 15000. 17500. 20000. 22500. 25000. 27500. 30000. 32500. 35000. 37500. 40000. 42500. 45000. 47500. 50000. 52500. 55000. 57500. 60000. 62500. 65000. 67500. 70000. 72500. 75000. 77500. 80000. 82500. 85000. 87500. 90000. 92500. 95000. 97500. 100000.
?
0
?
0
?
?
?
0
0.0
0
0.0
?
0
0.0
0
0.0
1
2.0
0
0
0
?
?
?
18
UGRD_ON_ISOBARIC_SFC
?
1
tmpl4_0
UGRD
?
?
isobaric_sfc
0
?
46
200. 500. 700. 1000. 2000. 3000. 5000. 7000. 7500. 10000. 12500. 15000. 17500. 20000. 22500. 25000. 27500. 30000. 32500. 35000. 37500. 40000. 42500. 45000. 47500. 50000. 52500. 55000. 57500. 60000. 62500. 65000. 67500. 70000. 72500. 75000. 77500. 80000. 82500. 85000. 87500. 90000. 92500. 95000. 97500. 100000.
?
0
?
0
?
?
?
0
0.0
0
0.0
?
0
0.0
0
0.0
1
4.0
0
0
0
?
?
?
19
VGRD_ON_ISOBARIC_SFC
?
1
tmpl4_0
VGRD
?
?
isobaric_sfc
0
?
46
200. 500. 700. 1000. 2000. 3000. 5000. 7000. 7500. 10000. 12500. 15000. 17500. 20000. 22500. 25000. 27500. 30000. 32500. 35000. 37500. 40000. 42500. 45000. 47500. 50000. 52500. 55000. 57500. 60000. 62500. 65000. 67500. 70000. 72500. 75000. 77500. 80000. 82500. 85000. 87500. 90000. 92500. 95000. 97500. 100000.
?
0
?
0
?
?
?
0
0.0
0
0.0
?
0
0.0
0
0.0
1
4.0
0
0
0
?
?
?
20
VVEL_ON_ISOBARIC_SFC
?
1
tmpl4_0
VVEL
?
?
isobaric_sfc
0
?
46
200. 500. 700. 1000. 2000. 3000. 5000. 7000. 7500. 10000. 12500. 15000. 17500. 20000. 22500. 25000. 27500. 30000. 32500. 35000. 37500. 40000. 42500. 45000. 47500. 50000. 52500. 55000. 57500. 60000. 62500. 65000. 67500. 70000. 72500. 75000. 77500. 80000. 82500. 85000. 87500. 90000. 92500. 95000. 97500. 100000.
?
0
?
0
?
?
?
0
0.0
0
0.0
?
0
0.0
0
0.0
1
5.0
0
0
0
?
?
?
166
CICE_ON_ISOBARIC_SFC
?
1
tmpl4_0
CICE
?
?
isobaric_sfc
0
?
46
200. 500. 700. 1000. 2000. 3000. 5000. 7000. 7500. 10000. 12500. 15000. 17500. 20000. 22500. 25000. 27500. 30000. 32500. 35000. 37500. 40000. 42500. 45000. 47500. 50000. 52500. 55000. 57500. 60000. 62500. 65000. 67500. 70000. 72500. 75000. 77500. 80000. 82500. 85000. 87500. 90000. 92500. 95000. 97500. 100000.
?
0
?
0
?
?
?
0
0.0
0
0.0
?
0
0.0
0
0.0
1
6.0
0
0
0
?
?
?
23
MSLET_ON_MEAN_SEA_LVL
?
1
tmpl4_0
MSLET
NCEP
?
mean_sea_lvl
0
?
0
?
?
0
?
0
?
?
?
0
0.0
0
0.0
?
0
0.0
0
0.0
1
6.0
0
0
0
?
?
?
105
PRES_ON_MEAN_SEA_LVL
?
1
tmpl4_0
PRMSL
?
?
mean_sea_lvl
0
?
0
?
?
0
?
0
?
?
?
0
0.0
0
0.0
?
0
0.0
0
0.0
1
6.0
0
0
0
?
?
?
